// ha nem tudod megoldani a 3. feladatot, másold be ezt az objektumot és használd a megfelelő méretű mátrixot innen

let sample = {
    '2': [[2, 1], [1, 2]],
    '4':
        [[2, 6, 4, 7], [3, 1, 5, 2], [6, 4, 7, 8], [5, 1, 3, 8]],
    '6':
        [[9, 6, 16, 5, 6, 17],
        [12, 3, 11, 7, 3, 8],
        [12, 13, 10, 18, 1, 1],
        [8, 4, 7, 17, 15, 10],
        [9, 15, 4, 11, 14, 14],
        [13, 2, 18, 5, 16, 2]],
    '8':
        [[26, 11, 28, 29, 21, 19, 31, 32],
        [8, 3, 32, 25, 14, 28, 24, 9],
        [18, 17, 2, 27, 4, 4, 7, 18],
        [22, 26, 30, 17, 12, 5, 14, 13],
        [6, 5, 3, 13, 10, 16, 24, 11],
        [20, 15, 27, 22, 6, 15, 7, 12],
        [9, 23, 23, 16, 21, 30, 1, 1],
        [31, 2, 29, 19, 25, 20, 8, 10]],
    '10':
        [[18, 31, 37, 4, 8, 20, 44, 41, 20, 42],
        [21, 43, 19, 18, 49, 43, 30, 40, 26, 35],
        [17, 46, 1, 12, 47, 9, 22, 5, 50, 50],
        [14, 36, 39, 48, 38, 22, 8, 23, 41, 32],
        [21, 1, 34, 15, 28, 36, 49, 47, 28, 14],
        [25, 46, 42, 24, 2, 6, 13, 24, 45, 15],
        [12, 26, 17, 7, 34, 32, 5, 23, 13, 19],
        [10, 9, 48, 29, 40, 33, 16, 11, 27, 4],
        [38, 10, 11, 16, 37, 3, 35, 2, 25, 6],
        [31, 3, 27, 30, 39, 44, 33, 7, 29, 45]]
}